מספר סידורי,כתובת,שטח במר,תאריך העסקה,מחיר העסקה,גוש,סוג נכס,חדרים,מחיר למר
2,0,31.2,2025,762000,4358-181-136,דירה בבית,2,24423
3,טייטלבום 12,57,2025,1380000,5808-8-41,דירה בבית,3,24211
4,כינרת 15,208.2,2025,3400000,4358-96-1,קוטג' דו משפחתי,5,16330
5,הגלעד 3,70,2025,1480000,4358-157-14,דירה בבית,3,21143
6,השלום 5,64,2025,400000,5808-4-32,דירה בבית,3,6250
7,טייטלבום 20,77.9,2025,1335000,5808-20-21,דירה בבית,4,17137
8,0,31.2,2024,700000,4358-181-130,דירה בבית,1,22436
9,השלום 11,64,2024,1050000,5808-6-1,דירה בבית,3,16406
10,השלום 3,64,2024,1050000,5808-4-2,דירה בבית,3,16406
11,הכרמל 15,168,2024,3050000,4358-155-1,דירה בבית,6,18155
12,הדקל 6,218.7,2024,3300000,4354-142-2,קוטג' דו משפחתי,9,15089
13,הכרמל 4,70,2024,1400000,4358-158-9,דירה בבית,3,20000
14,לוי אליהו סלם 39,64,2024,1680000,5808-3-21,דירה בבית,3,26250
16,כינרת 4,152.6,2024,1600000,4358-101-1,קוטג' דו משפחתי,6,10485
17,טייטלבום 12,86.5,2024,1590000,5808-8-14,דירה בבית,3,18382
18,הגלעד 2,69,2024,1325000,4358-165-13,דירה בבית,3,19203
19,0,32.2,2024,660000,4358-181-57,דירה בבית,2,20497
20,לוי אליהו סלם 41,64,2024,1110000,5808-2-32,דירה בבית,3,17344
21,לוי אליהו סלם 39,62,2024,500000,5808-3-26,דירה בבית,3,8065
22,לוי אליהו סלם 39,64,2024,1250000,5808-3-37,דירה בבית,3,19531
23,לוי אליהו סלם 25,182.6,2024,3400000,4358-83-2,דירה בבית,6,18620
24,טייטלבום 14,65.8,2024,1380000,5808-23-16,דירה בבית,3,20973
25,השלום 7,64,2024,1150000,5808-4-42,דירה בבית,3,17969
26,הגלעד 2,67,2024,1100000,4358-165-12,דירה בבית,3,16418
27,השלום 13,62,2024,1102000,5808-7-10,דירה בבית,3,17774
28,הדקל 9,230,2024,3050000,4354-129-1,דירה בבית,5,13261
29,הגלעד 2,69,2024,1100000,4358-165-11,דירה בבית,3,15942
30,הגלעד 4,67,2024,1255100,4358-166-6,דירה בבית,3,18733
31,השלום 11,64,2024,1020000,5808-6-8,דירה בבית,3,15938
32,טייטלבום 18,62,2024,1090000,5808-9-15,דירה בבית,3,17581
33,הגלעד 3,71,2024,1385000,4358-157-13,דירה בבית,3,19507
34,השלום 3,64,2024,1100000,5808-4-9,דירה בבית,3,17188
35,הגלעד 2,67,2023,750000,4358-165-10,דירה בבית,3,11194
36,הגלעד 4,70,2023,1370000,4358-166-5,דירה בבית,3,19571
37,טייטלבום 12,87,2023,1450000,5808-8-7,דירה בבית,3,16667
38,הגלעד 4,67,2023,1200000,4358-166-7,דירה בבית,3,17910
39,לוי אליהו סלם 19,251.3,2023,4300000,4358-86-1,קוטג' דו משפחתי,7,17111
40,הכרמל 4,70,2023,1510000,4358-158-8,דירה בבית,4,21571
41,טייטלבום 20,84.7,2023,1250000,5808-20-14,דירה בבית,4,14758
42,לוי אליהו סלם 41,64,2023,1350000,5808-2-3,דירה בבית,3,21094
43,הכלנית 5,190,2023,2300000,4354-157-1,דירה בבית,5,12105
44,הדקל 8,274,2023,400000,4354-145-1,דירה בבית,7,1460
45,לוי אליהו סלם 39,62,2023,1440000,5808-3-18,דירה בבית,3,23226
46,הכרמל 4,78,2023,1260000,4358-158-7,דירה בבית,3,16154
47,טייטלבום 12,88,2023,1358000,5808-8-8,דירה בבית,4,15432
48,הכרמל 6,70,2023,1470000,4358-159-6,דירה בבית,3,21000
49,השלום 7,64,2023,183000,5808-4-43,דירה בבית,3,2859
50,התבור 8,205.8,2022,3900000,4358-128-1,קוטג' דו משפחתי,6,18950
51,לוי אליהו סלם 39,62,2022,1435000,5808-3-31,דירה בבית,3,23145
52,השלום 13,64,2022,900000,5808-7-1,דירה בבית,3,14063
53,הכרמל 4,75,2022,1300000,4358-158-6,דירה בבית,3,17333
54,הכרמל 4,71,2022,1290000,4358-158-5,דירה בבית,3,18169
55,טייטלבום 12,91.5,2022,1600000,5808-8-42,דירה בבית,4,17486
56,הירדן 13,215,2022,3280000,4358-116-1,דירה בבית,5.5,15256
57,השלום 9,64,2022,970000,5808-5-5,דירה בבית,3,15156
58,הגלעד 3,70,2022,1122000,4358-157-12,דירה בבית,3,16029
59,התבור 19,215,2022,3107000,4357-59-2,דירה בבית,7,14451
60,לוי אליהו סלם 41,64,2022,995000,5808-2-46,דירה בבית,3,15547
61,לוי אליהו סלם 23,175.9,2022,2670000,4358-84-1,קוטג' דו משפחתי,6,15179
62,טייטלבום 18,62,2022,940000,5808-9-14,דירה בבית,3,15161
63,השלום 11,64,2022,935000,5808-6-4,דירה בבית,3,14609
64,לוי אליהו סלם 39,62,2022,1395000,5808-3-3,דירה בבית,3,22500
65,לוי אליהו סלם 39,64,2022,1305000,5808-3-9,דירה בבית,3,20391
66,לוי אליהו סלם 41,64,2022,1085000,5808-2-5,דירה בבית,3,16953
67,השלום 7,64,2021,950000,5808-4-35,דירה בבית,3,14844
68,הגלעד 2,67,2021,1290000,4358-165-9,דירה בבית,3,19254
69,השלום 11,64,2021,750000,5808-6-16,דירה בבית,3,11719
70,הגלעד 46,160,2021,2310000,4358-156-3,קוטג' דו משפחתי,5,14438
71,הכרמל 4,72,2021,1110000,4358-158-4,דירה בבית,3,15417
72,טייטלבום 14,81.7,2021,1350000,5808-23-22,דירה בבית,4,16524
73,השלום 3,64,2021,785000,5808-4-16,דירה בבית,3,12266
74,0,95,2021,1555000,5808-3-0,דירת גן,4,16368
75,הגלעד 3,70,2021,1170000,4358-157-11,דירה בבית,4,16714
76,הגלעד 3,73,2021,1060000,4358-157-10,דירה בבית,3,14521
77,הגלעד 15,160,2021,2030000,4358-163-1,קוטג' דו משפחתי,5,12688
78,השלום 3,64,2021,720000,5808-4-6,דירה בבית,3,11250
79,היסמין 3,83,2021,1880000,4354-127-2,דירה בבית,4,22651
80,השלום 9,62,2021,800000,5808-5-11,דירה בבית,3,12903
81,טייטלבום 12,62,2021,860000,5808-8-27,דירה בבית,3,13871
82,0,37.4,2021,750000,4358-181-104,דירה בבית,2,20053
83,טייטלבום 12,88,2021,1150000,5808-8-1,דירה בבית,4,13068
84,לוי אליהו סלם 41,64,2021,1030000,5808-2-7,דירה בבית,3,16094
85,0,31.2,2021,645000,4358-181-30,דירה בבית,1,20673
86,התבור 29,198.1,2021,2700000,4357-64-2,קוטג' דו משפחתי,6,13629
87,טייטלבום 12,97,2021,1500000,5808-8-54,דירה בבית,4,15464
88,טייטלבום 20,80.6,2021,1250000,5808-20-20,דירה בבית,4,15509
89,השלום 13,62,2021,700000,5808-7-15,דירה בבית,3,11290
90,השלום 5,64,2020,820000,5808-4-23,דירה בבית,3,12813
91,השלום 13,62,2020,720000,5808-7-14,דירה בבית,3,11613
92,לוי אליהו סלם 39,64,2020,880000,5808-3-5,דירה בבית,3,13750
93,טייטלבום 14,65.8,2020,1160000,5808-23-5,דירה בבית,3,17629
94,הגלעד 2,75,2020,1050000,4358-165-14,דירה בבית,3,14000
95,הירדן 1,227.26,2020,2657000,4358-110-1,דירה בבית,7,11691
96,השלום 9,64,2020,780000,5808-5-8,דירה בבית,3,12188
97,הגלעד 4,77,2020,1060000,4358-166-4,דירה בבית,3,13766
98,היסמין 10,164.2,2020,681000,4354-159-1,דירה בבית,5,4147
99,הגלעד 5,96,2020,1310000,4358-158-10,דירה בבית,4,13646
100,לוי אליהו סלם 41,64,2019,840000,5808-2-14,דירה בבית,3,13125
101,כינרת 7,167.5,2019,2700000,4358-92-1,דירה בבית,6,16119
102,השלום 7,64,2019,400000,5808-4-38,דירה בבית,3,6250
103,הגלעד 3,70,2019,1040000,4358-157-15,דירה בבית,3,14857
104,השלום 11,62,2019,800000,5808-6-6,דירה בבית,3,12903
105,הירדן 6,198.9,2019,2700000,4358-129-1,קוטג' דו משפחתי,6,13575
106,לוי אליהו סלם 39,62,2019,350000,5808-3-34,דירה בבית,3,5645
107,0,36,2019,715000,4358-181-161,דירה בבית,2,19861
108,טייטלבום 12,88,2019,1250000,5808-8-4,דירה בבית,4,14205
109,כינרת 16,172.5,2019,2280000,4358-107-1,קוטג' דו משפחתי,5,13217
110,טייטלבום 20,103.5,2019,1200000,5808-20-13,דירה בבית,5,11594
111,השלום 11,62,2019,800000,5808-6-10,דירה בבית,3,12903
112,לוי אליהו סלם 41,64,2019,920000,5808-2-15,דירה בבית,3,14375
113,לוי אליהו סלם 39,64,2019,875000,5808-3-16,דירה בבית,3,13672
114,0,40,2019,630000,4358-181-162,דירה בבית,2,15750
115,התבור 29,185.1,2019,2540000,4357-64-1,קוטג' דו משפחתי,6,13722
116,טייטלבום 20,85.4,2019,1100000,5808-20-12,דירה בבית,4,12881
117,0,37.1,2019,620000,4358-181-120,דירה בבית,2,16712
118,לוי אליהו סלם 39,64,2019,745000,5808-3-13,דירה בבית,3,11641
119,הכרמל 2,74,2019,920000,4358-157-16,דירה בבית,3,12432
120,לוי אליהו סלם 41,64,2019,880000,5808-2-6,דירה בבית,3,13750
121,0,37.4,2019,620000,4358-181-118,דירה בבית,2,16578
122,כינרת 3,195.4,2018,2350000,4358-90-1,קוטג' דו משפחתי,5,12027
123,0,50,2018,519000,4358-181-163,דירה בבית,2,10380
124,הגלעד 2,72,2018,1045000,4358-165-7,דירה בבית,3,14514
126,הכרמל 6,88,2018,1700000,4358-159-5,דירת גן,4,19318
127,הכרמל 6,70,2018,1180000,4358-159-4,דירה בבית,3,16857
128,לוי אליהו סלם 39,62,2018,699000,5808-3-43,דירה בבית,3,11274
129,0,40,2018,660000,4358-181-164,דירה בבית,2,16500
130,0,36,2018,570000,4358-181-165,דירה בבית,1,15833
131,0,40,2018,600000,4358-181-166,דירה בבית,3,15000
132,0,37.1,2018,780000,4358-181-6,דירה בבית,2,21024
133,כינרת 14,160.1,2018,2350000,4358-106-1,קוטג' דו משפחתי,5,14678
134,הגלעד 5,70,2018,1170000,4358-158-3,דירה בבית,4,16714
135,השלום 9,62,2018,700000,5808-5-10,דירה בבית,3,11290
136,השלום 13,62,2018,755000,5808-7-2,דירה בבית,3,12177
137,0,37.1,2018,650000,4358-181-105,דירה בבית,1.5,17520
138,הגלעד 24,148,2018,2100000,4358-168-2,קוטג' דו משפחתי,5,14189
140,השלום 3,64,2018,700000,5808-4-10,דירה בבית,2.5,10938
141,טייטלבום 12,88,2018,1190000,5808-8-12,דירה,4,13523
142,טייטלבום 12,87,2018,1170000,5808-8-3,דירה בבית,3,13448
143,טייטלבום 20,84.7,2018,1112000,5808-20-10,דירה בבית,4,13129
144,הגלעד 3,88,2018,1670000,4358-157-9,דירת גן,4,18977
145,התבור 14,140.4,2017,2020000,4357-53-1,קוטג' דו משפחתי,6,14387
146,טייטלבום 20,84.7,2017,1150000,5808-20-6,דירה בבית,4,13577
147,לוי אליהו סלם 39,64,2017,850000,5808-3-28,דירה בבית,3,13281
148,השלום 11,64,2017,700000,5808-6-12,דירה בבית,3,10938
149,השלום 9,62,2017,620000,5808-5-15,דירה בבית,3,10000
151,לוי אליהו סלם 41,64,2017,610000,5808-2-16,דירה בבית,3.5,9531
152,0,39,2017,620000,4358-181-168,דירה בבית,2,15897
153,0,39,2017,487000,4358-181-169,דירה בבית,2,12487
154,הגלעד 4,72,2017,930000,4358-166-3,דירה בבית,3,12917
155,התבור 2,220.3,2017,2325000,4358-124-2,דירה בבית,6,10554
156,השלום 5,64,2017,391000,5808-4-17,דירה בבית,3,6109
157,טייטלבום 20,67.7,2017,940000,5808-20-11,דירה בבית,3,13885
159,0,36,2017,650000,4358-181-171,דירה בבית,1.5,18056
160,לוי אליהו סלם 39,62,2017,830000,5808-3-27,דירה בבית,3,13387
161,0,35,2017,569000,4358-181-172,דירה בבית,2,16257
162,כינרת 13,222,2017,2450000,4358-95-1,קוטג' דו משפחתי,6,11036
163,טייטלבום 20,85.4,2017,1080000,5808-20-8,דירה בבית,4,12646
164,טייטלבום 18,64,2017,600000,5808-9-16,דירה בבית,3,9375
166,הדקל 5,235.5,2017,1763000,4354-133-2,דירה בבית,5,7486
167,הכרמל 6,70,2017,880000,4358-159-7,דירה בבית,3,12571
168,השלום 7,64,2016,660000,5808-4-44,דירה בבית,3,10313
169,0,36,2016,530000,4358-181-173,דירה בבית,1.5,14722
170,השלום 7,64,2016,625000,5808-4-48,דירה בבית,3,9766
171,לוי אליהו סלם 39,62,2016,910000,5808-3-19,דירה בבית,3,14677
172,0,37.1,2016,850000,4358-181-9,דירה בבית,2,22911
174,טייטלבום 20,85.4,2016,915000,5808-20-4,דירה בבית,4,10714
175,הכרמל 2,70,2016,810000,4358-157-8,דירה בבית,3,11571
176,השלום 5,64,2016,605000,5808-4-31,דירה בבית,3,9453
177,הגלעד 3,76,2016,1000000,4358-157-7,דירה בבית,4,13158
178,השלום 3,64,2016,670000,5808-4-5,דירה בבית,3,10469
179,טייטלבום 20,83.4,2016,895000,5808-20-27,דירה בבית,4,10731
180,טייטלבום 12,62,2016,710000,5808-8-26,דירה בבית,3,11452
181,הירדן 7,160,2016,2130000,4358-113-2,דירה בבית,5,13313
182,כינרת 3,182,2016,2170000,4358-90-2,קוטג' דו משפחתי,6,11923
183,לוי אליהו סלם 41,64,2016,750000,5808-2-38,דירה בבית,3,11719
184,לוי אליהו סלם 41,64,2016,700000,5808-2-33,דירה בבית,3.5,10938
185,לוי אליהו סלם 41,64,2016,635000,5808-2-22,דירה בבית,3,9922
186,הגלעד 3,100,2016,880000,4358-157-6,דירה בבית,3,8800
187,השלום 9,62,2016,500000,5808-5-6,דירה בבית,3,8065
188,לוי אליהו סלם 41,64,2016,720000,5808-2-12,דירה בבית,3,11250
189,לוי אליהו סלם 39,62,2016,820000,5808-3-35,דירה בבית,3,13226
190,הירדן 10,155.2,2016,1700000,4357-52-2,קוטג' דו משפחתי,6,10954
191,התבור 10,185.8,2016,2140000,4358-130-2,קוטג' דו משפחתי,7,11518
192,0,50,2016,585000,4358-181-175,דירה בבית,2,11700
193,0,35,2015,520000,4358-181-176,דירה בבית,1.5,14857
194,הגלעד 2,67,2015,755000,4358-165-6,דירה בבית,3,11269
195,לוי אליהו סלם 39,64,2015,580000,5808-3-45,דירה בבית,3,9063
196,0,36.4,2015,540000,4358-181-103,דירה בבית,1.5,14835
199,טייטלבום 14,81.7,2015,850000,5808-23-18,דירה בבית,4,10404
200,הגלעד 28,125,2015,1760000,4358-170-2,קוטג' דו משפחתי,5,14080
201,טייטלבום 14,81.7,2015,850000,5808-23-26,דירה בבית,4,10404
202,לוי אליהו סלם 39,64,2015,540000,5808-3-32,דירה בבית,3,8438
203,טייטלבום 14,81.7,2015,950000,5808-23-6,דירה בבית,4,11628
204,טייטלבום 20,83.4,2015,835000,5808-20-26,דירה בבית,4,10012
205,הגלעד 2,67,2015,700000,4358-165-15,דירה בבית,3,10448
206,הכלנית 1,166,2015,1970000,4354-153-1,קוטג' חד משפחתי,6,11867
207,השלום 11,62,2015,660000,5808-6-7,דירה בבית,3,10645
208,השלום 9,64,2015,420000,5808-5-16,דירה בבית,3,6563
209,לוי אליהו סלם 41,64,2015,745000,5808-2-23,דירה בבית,3,11641
210,0,34.2,2015,565000,4358-181-1,דירה בבית,1.5,16520
211,הגלעד 46,156,2015,1215000,4358-156-2,קוטג' דו משפחתי,5,7788
212,השלום 9,64,2015,470000,5808-5-13,דירה בבית,3,7344
213,0,33,2015,540000,4358-181-178,דירה בבית,2,16364
214,0,50,2015,550000,4358-181-180,דירה בבית,2,11000
215,הכרמל 2,70,2015,550000,4358-157-5,דירה בבית,3,7857
217,0,39.8,2015,515000,4358-181-112,דירה בבית,1.5,12940
218,לוי אליהו סלם 21,260.5,2015,1980000,4358-85-2,קוטג' דו משפחתי,6,7601
219,הרקפת 5,131.6,2014,1490000,4354-144-1,קוטג' דו משפחתי,5,11322
220,לוי אליהו סלם 39,64,2014,570000,5808-3-17,דירה בבית,3,8906
221,0,34,2014,520000,4358-181-182,דירה בבית,2,15294
222,השלום 7,64,2014,610000,5808-4-36,דירה בבית,3,9531
223,0,37.4,2014,520000,4358-181-58,דירה,2,13904
224,0,36.4,2014,550000,4358-181-102,דירה בבית,2,15110
225,היסמין 4,145.4,2014,1400000,4354-146-1,קוטג' דו משפחתי,6,9629
226,השלום 13,64,2014,410000,5808-7-8,דירה בבית,3,6406
227,טייטלבום 18,62,2014,590000,5808-9-7,דירה בבית,3,9516
228,השלום 7,64,2014,600000,5808-4-33,דירה בבית,3.5,9375
229,0,63.6,2014,520000,4358-181-12,דירה בבית,2,8176
230,0,31.2,2014,597000,4358-181-116,דירה בבית,2,19135
231,הגלעד 2,72,2014,725000,4358-165-16,דירה בבית,3,10069
232,הגלעד 2,67,2014,650000,4358-165-5,דירה בבית,3,9701
233,התבור 14,213.7,2014,550000,4357-53-2,דירה בבית,6,2574
234,השלום 13,64,2014,480000,5808-7-12,דירה בבית,3,7500
235,השלום 11,62,2014,430000,5808-6-15,דירה בבית,3,6935
236,השלום 8,144,2014,1400000,4354-132-1,קוטג' דו משפחתי,6,9722
237,לוי אליהו סלם 39,62,2014,550000,5808-3-22,דירה בבית,3,8871
238,הרקפת 4,161.4,2014,1600000,4354-140-2,קוטג' דו משפחתי,8,9913
239,הגלעד 5,70,2014,790000,4358-158-11,דירה בבית,4,11286
240,הירדן 3,175.4,2014,1879000,4358-111-1,קוטג' חד משפחתי,6,10713
241,הירדן 17,180.3,2014,1849000,4358-118-2,קוטג' חד משפחתי,5,10255
242,לוי אליהו סלם 19,256.5,2014,2200000,4358-86-2,קוטג' דו משפחתי,6,8577
243,כינרת 14,159,2014,1790000,4358-106-2,קוטג' דו משפחתי,6,11258
244,טייטלבום 12,62,2014,500000,5808-8-19,דירה בבית,3,8065
245,טייטלבום 20,84.7,2014,725000,5808-20-2,דירה בבית,4,8560
246,היסמין 6,195.1,2014,1530000,4354-147-2,דירה בבית,8,7842
247,הגלעד 2,67,2014,650000,4358-165-17,דירה בבית,3,9701
248,לוי אליהו סלם 39,64,2013,650000,5808-3-8,דירה בבית,3,10156
249,הגלעד 2,67,2013,680000,4358-165-18,דירה בבית,3,10149
250,הכרמל 2,70,2013,600000,4358-157-17,דירה בבית,3,8571
251,0,146.3,2013,500000,4358-181-3,דירה בבית,1.5,3418
252,הכרמל 6,80,2013,710000,4358-159-8,דירה בבית,3,8875
253,0,34,2013,495000,4358-181-183,דירה בבית,1.5,14559
254,0,39.8,2013,495000,4358-181-52,דירה,1,12437
255,0,31.3,2013,490000,4358-181-51,דירה,1,15655
256,0,31.2,2013,455000,4358-181-49,דירה,1,14583
257,הכרמל 6,75,2013,600000,4358-159-9,דירה בבית,3,8000
258,0,35,2013,470000,4358-181-185,דירה בבית,1.5,13429
259,0,118.5,2013,500000,4358-181-5,דירה בבית,1.5,4219
260,0,37.1,2013,470000,4358-181-46,דירה,1,12668
261,0,37.4,2013,500000,4358-181-47,דירה,1,13369
262,0,35,2013,450000,4358-181-186,דירה בבית,1.5,12857
263,0,37.1,2013,450000,4358-181-45,דירה,1,12129
264,0,38,2013,465000,4358-181-187,דירה בבית,1.5,12237
265,0,36.4,2013,465000,4358-181-43,דירה,1,12775
266,0,37.4,2013,495000,4358-181-44,דירה,1,13235
267,הירדן 12,234.4,2013,1720000,4357-54-2,קוטג' דו משפחתי,8,7338
269,הגלעד 4,67,2013,690000,4358-166-2,דירה בבית,3,10299
270,0,42,2013,455000,4358-181-189,דירה בבית,1.5,10833
271,0,41,2013,540000,4358-181-191,דירה בבית,2,13171
272,טייטלבום 20,83.4,2013,800000,5808-20-31,דירה בבית,4,9592
273,הכרמל 2,72,2013,720000,4358-157-18,דירה בבית,3,10000
274,0,43.9,2013,495000,4358-181-150,דירה בבית,1.5,11276
275,0,100,2013,500000,4358-181-192,דירה בבית,1.5,5000
276,0,36.7,2013,490000,4358-181-7,דירה בבית,1.5,13351
277,טייטלבום 14,81.7,2013,770000,5808-23-3,דירה בבית,4,9425
278,0,31,2013,450000,4358-181-195,דירה בבית,1.5,14516
279,0,31,2013,455000,4358-181-196,דירה בבית,1.5,14677
280,הכרמל 4,70,2013,710000,4358-158-2,דירה בבית,3,10143
281,0,39,2013,455000,4358-181-197,דירה בבית,1.5,11667
282,הירדן 10,155.2,2013,650000,4357-52-1,דירה בבית,6,4188
283,הכרמל 14,126,2013,1260000,4358-162-1,קוטג' דו משפחתי,5,10000
284,0,32,2013,465000,4358-181-198,דירה בבית,1.5,14531
285,0,32.2,2013,505000,4358-181-108,דירה בבית,2,15683
286,0,37.1,2013,580000,4358-181-10,דירה בבית,2,15633
287,הגלעד 2,67,2013,625000,4358-165-4,דירה בבית,3,9328
288,0,36,2013,460000,4358-181-199,דירה בבית,1.5,12778
289,0,34,2013,450000,4358-181-200,דירה בבית,1.5,13235
290,0,37.1,2013,500000,4358-181-106,דירה בבית,2,13477
291,התבור 9,186.3,2013,1735000,4358-123-1,קוטג' דו משפחתי,8,9313
293,טייטלבום 12,62,2012,480000,5808-8-30,דירה בבית,3,7742
295,הכרמל 6,70,2012,650000,4358-159-11,דירה בבית,3,9286
296,0,35.1,2012,580000,4358-181-4,דירה בבית,2,16524
298,0,36,2012,515000,4358-181-203,דירה בבית,2,14306
300,כינרת 10,244.4,2012,1900000,4358-104-2,קוטג' דו משפחתי,6,7774
306,הגלעד 2,67,2012,620000,4358-165-19,דירה בבית,3,9254
313,לוי אליהו סלם 39,64,2012,490000,5808-3-25,דירה בבית,3,7656
314,השלום 9,64,2012,410000,5808-5-12,דירה בבית,3,6406
316,הגלעד 4,67,2012,655000,4358-166-8,דירה בבית,3,9776
317,הרקפת 5,131.6,2012,1300000,4354-144-2,קוטג' דו משפחתי,5,9878
318,הירדן 7,170,2012,1716000,4358-113-1,קוטג' דו משפחתי,5,10094
319,0,55,2012,505000,4358-181-224,דירה בבית,2,9182
320,0,36,2012,505000,4358-181-225,דירה בבית,2,14028
321,0,39,2012,460000,4358-181-227,דירה בבית,2,11795
322,הירדן 8,189.7,2012,1700000,4358-131-2,קוטג' דו משפחתי,6,8962
323,טייטלבום 20,67.7,2012,590000,5808-20-3,דירה בבית,3,8715
324,טייטלבום 14,81.7,2012,700000,5808-23-2,דירה בבית,4,8568
325,הירדן 15,150,2012,1610000,4358-117-3,קוטג' דו משפחתי,6,10733
326,0,31,2012,453000,4358-181-228,דירה בבית,2,14613
327,0,37,2011,526000,4358-181-229,דירה בבית,2,14216
328,0,32.2,2011,434000,4358-181-117,דירה בבית,2,13478
329,לוי אליהו סלם 41,64,2011,500000,5808-2-19,דירה בבית,3,7813
330,השלום 11,62,2011,300000,5808-6-2,דירה בבית,3,4839
331,0,31.3,2011,495000,4358-181-114,דירה בבית,2,15815
332,0,39,2011,460000,4358-181-230,דירה בבית,2,11795
333,לוי אליהו סלם 41,64,2011,393000,5808-2-48,דירה בבית,3,6141
334,0,39,2011,463000,4358-181-231,דירה בבית,2,11872
335,0,31,2011,460000,4358-181-232,דירה בבית,2,14839
336,כינרת 5,220,2011,1615000,4358-91-1,קוטג' חד משפחתי,6,7341
337,0,36,2011,510000,4358-181-233,דירה בבית,2,14167
338,0,30,2011,470000,4358-181-234,דירה בבית,2,15667
339,השלום 11,62,2011,360000,5808-6-14,דירה בבית,3,5806
340,0,31.2,2011,444000,4358-181-115,דירה בבית,2,14231
341,0,36,2011,526000,4358-181-235,דירה בבית,2,14611
342,היסמין 7,193,2011,1490000,4354-123-1,קוטג' חד משפחתי,6,7720
343,השלום 7,64,2011,375000,5808-4-46,דירה בבית,3,5859
344,0,31,2011,430000,4358-181-236,דירה בבית,1.5,13871
345,0,36,2011,505000,4358-181-237,דירה בבית,2,14028
346,הגלעד 2,67,2011,640000,4358-165-3,דירה בבית,3,9552
347,0,39,2011,457000,4358-181-238,דירה בבית,2,11718
348,0,36,2011,493000,4358-181-239,דירה בבית,2,13694
349,0,36,2011,493000,4358-181-240,דירה בבית,2,13694
350,0,37,2011,485000,4358-181-241,דירה בבית,2,13108
351,היסמין 6,171.2,2011,1400000,4354-147-1,קוטג' דו משפחתי,5,8178
352,0,37.4,2011,425000,4358-181-107,דירה בבית,1.5,11364
353,0,36,2011,500000,4358-181-242,דירה בבית,2,13889
355,השלום 7,64,2011,350000,5808-4-45,דירה בבית,3,5469
356,0,39,2011,509000,4358-181-245,דירה בבית,2,13051
357,0,44,2011,445000,4358-181-251,דירה בבית,1.5,10114
358,0,36,2010,500000,4358-181-252,דירה בבית,2,13889
359,0,37,2010,509000,4358-181-254,דירה בבית,2,13757
360,0,36,2010,500000,4358-181-255,דירה בבית,2,13889
361,היסמין 8,213,2010,1000000,4354-160-3,קוטג' דו משפחתי,5,4695
362,הכרמל 2,56,2010,665000,4358-157-19,דירה בבית,3,11875
363,טייטלבום 14,65.8,2010,585000,5808-23-17,דירה בבית,3,8891
364,הכלנית 3,130,2010,1070000,4354-155-2,דירה בבית,6,8231
365,0,37,2010,495000,4358-181-257,דירה בבית,2,13378
366,0,37.4,2010,399000,4358-181-101,דירה בבית,2,10668
367,0,31,2010,435000,4358-181-258,דירה בבית,1.5,14032
368,היסמין 8,213,2010,725000,4354-160-4,קוטג' דו משפחתי,5,3404
369,הגלעד 2,67,2010,600000,4358-165-20,דירה בבית,3,8955
370,טייטלבום 12,86.5,2010,450000,5808-8-10,דירה בבית,3,5202
371,לוי אליהו סלם 41,64,2010,365000,5808-2-30,דירה בבית,3,5703
372,0,31,2010,430000,4358-181-259,דירה בבית,2,13871
373,הגלעד 3,70,2010,590000,4358-157-4,דירה בבית,3,8429
375,הגלעד 2,67,2010,400000,4358-165-21,דירה בבית,3,5970
376,הכלנית 3,130,2010,1050000,4354-155-1,קוטג' חד משפחתי,6,8077
377,הכלנית 7,420,2010,1390000,4354-158-1,קוטג' חד משפחתי,6,3310
378,טייטלבום 20,67.7,2010,535000,5808-20-7,דירה בבית,3,7903
379,טייטלבום 18,64,2010,333000,5808-9-13,דירה בבית,3,5203
380,לוי אליהו סלם 41,64,2010,450000,5808-2-41,דירה בבית,3,7031
381,הגלעד 4,68,2010,444000,4358-166-9,דירה בבית,3,6529
382,טייטלבום 14,65.8,2009,510000,5808-23-21,דירה בבית,3,7751
383,טייטלבום 20,83.4,2009,450000,5808-20-18,דירה בבית,4,5396
384,השלום 3,64,2009,360000,5808-4-1,דירה בבית,3,5625
385,לוי אליהו סלם 35,253.5,2009,1500000,4358-78-2,קוטג' דו משפחתי,7,5917
387,הכרמל 1,70,2009,390000,4358-152-1,דירה בבית,3,5571
388,השלום 9,62,2009,215000,5808-5-14,דירה בבית,3,3468
389,הכרמל 6,74,2009,549000,4358-159-12,דירה בבית,3,7419
390,הכרמל 14,120,2009,1050000,4358-162-2,דירה בבית,5,8750
391,השלום 11,64,2009,250000,5808-6-9,דירה בבית,3,3906
392,הכרמל 6,78,2009,450000,4358-159-13,דירה בבית,3,5769
393,טייטלבום 18,64,2009,420000,5808-9-8,דירה בבית,3,6563
394,טייטלבום 18,64,2009,450000,5808-9-1,דירה בבית,3,7031
395,השלום 3,64,2009,300000,5808-4-13,דירה בבית,3,4688
396,הכרמל 6,88,2009,715000,4358-159-3,דירת גן,4,8125
398,הגלעד 2,67,2009,380000,4358-165-2,דירה בבית,3,5672
399,השלום 5,64,2009,335000,5808-4-18,דירה בבית,3,5234
400,לוי אליהו סלם 41,64,2009,350000,5808-2-36,דירה בבית,3,5469
401,טייטלבום 14,81.7,2009,525000,5808-23-27,דירה בבית,4,6426
402,השלום 13,62,2009,260000,5808-7-6,דירה בבית,3,4194
403,טייטלבום 12,86.5,2009,109000,5808-8-6,דירה בבית,3,1260
404,התבור 1,169.7,2008,1200000,4358-119-2,קוטג' דו משפחתי,6,7071
405,התבור 21,207.8,2008,980000,4357-60-1,דירה בבית,8,4716
406,הגלעד 4,73,2008,375000,4358-166-1,דירה בבית,3,5137
407,הירדן 6,202.9,2008,1415000,4358-129-2,דירה בבית,6,6974
408,התבור 6,233.6,2008,964000,4358-126-2,קוטג' דו משפחתי,5,4127
409,השלום 7,64,2008,250000,5808-4-47,דירה בבית,3.5,3906
410,הכרמל 6,92,2008,480000,4358-159-2,דירה בבית,3,5217
411,השלום 13,64,2008,225000,5808-7-13,דירה בבית,3,3516
412,הגלעד 2,67,2008,333000,4358-165-22,דירה בבית,3,4970
413,טייטלבום 20,80.6,2008,380000,5808-20-24,דירה בבית,4,4715
414,טייטלבום 20,83.4,2008,400000,5808-20-23,דירה בבית,4,4796
415,כינרת 19,233.9,2008,1150000,4358-98-1,דירה בבית,5,4917
416,לוי אליהו סלם 39,62,2008,320000,5808-3-39,דירה בבית,3,5161
417,השלום 9,62,2008,180000,5808-5-7,דירה בבית,3,2903
418,הגלעד 3,88,2008,585000,4358-157-3,דירה בבית,4,6648
419,התבור 18,150,2008,800000,4357-57-3,קוטג' דו משפחתי,5,5333
420,כינרת 1,194,2008,748000,4358-89-1,קוטג' דו משפחתי,5,3856
421,כינרת 17,255.4,2008,924000,4358-97-1,דירה בבית,5,3618
422,התבור 7,184.6,2007,759000,4358-122-1,קוטג' דו משפחתי,5,4112
423,הגלעד 5,70,2007,400000,4358-158-1,דירה בבית,4,5714
424,התבור 17,206.3,2007,1085000,4357-58-1,דירה בבית,5,5259
425,התבור 21,165.3,2007,1046000,4357-60-2,דירה בבית,6,6328
426,הדקל 5,558,2007,880000,4354-133-0,קוטג' דו משפחתי,5.5,1577
427,כינרת 8,170,2007,885000,4358-103-1,קוטג' דו משפחתי,6,5206
428,הגלעד 28,138,2007,709000,4358-170-1,קוטג' דו משפחתי,5,5138
429,טייטלבום 14,81.7,2007,390000,5808-23-15,דירה בבית,4,4774
430,הגלעד 21,120,2007,705000,4358-164-1,דירה בבית,5,5875
431,הירדן 11,713,2007,1050000,4358-115-0,קוטג' חד משפחתי,6,1473
432,הגלעד 46,135,2007,881000,4358-156-1,דירה בבית,5,6526
433,השלום 13,64,2006,230000,5808-7-16,דירה בבית,3,3594
434,התבור 19,200,2006,846000,4357-59-3,דירה בבית,6,4230
435,הכרמל 1,72,2006,316000,4358-152-2,דירה בבית,3,4389
436,הכרמל 8,250,2006,896000,4358-160-1,קוטג' דו משפחתי,6,3584
437,התבור 12,155,2006,949000,4358-132-3,קוטג' חד משפחתי,6,6123
438,לוי אליהו סלם 19,236,2005,1041000,4358-86-3,קוטג' דו משפחתי,6,4411
439,כינרת 5,214.3,2005,1042000,4358-91-2,קוטג' חד משפחתי,5,4862
440,טייטלבום 18,64,2005,247000,5808-9-12,דירה בבית,3,3859
441,טייטלבום 14,81.7,2004,450000,5808-23-23,דירה בבית,4,5508
442,טייטלבום 20,67.7,2004,291000,5808-20-15,דירה בבית,3,4298
443,0,65,2004,308000,5808-17-1,דירה בבית,3,4738
444,הגלעד 2,70,2004,352000,4358-165-23,דירה בבית,3,5029
445,הכרמל 6,80,2004,418000,4358-159-1,דירה בבית,3,5225
446,הגלעד 2,80,2003,340000,4358-165-24,דירה בבית,3,4250
